001 1;47 1 [2426]
002 1;47 1 [2678]
003 1;47 1 [2930]
004 1;47 1 [3182]
1 5;1 2 [7350,9815];13 1 [103484];45 1 [13354];47 1 [324];8 20 [1,1135,6018,16196,29921,34663,40020,45681,71704,83865,91859,101756,108113,112163,117492,119488,126072,130762,134118,142663]
10 1;13 1 [104440]
100 5;43 1 [55];44 1 [55];45 1 [53];46 1 [54];47 1 [61]
111 1;1 1 [1510]
1110 1;1 1 [1990]
121 1;1 1 [2377]
1210 1;1 1 [3030]
1220 1;1 1 [3657]
1230 1;1 1 [4288]
1240 1;1 1 [4957]
1250 1;1 1 [5756]
1260 1;1 1 [6396]
1270 1;1 1 [6949]
131 1;1 1 [7218]
1310 1;1 1 [7748]
13100 1;1 1 [13186]
13110 1;1 1 [13882]
13120 1;1 1 [14642]
13130 1;1 1 [15316]
13140 1;1 1 [15931]
13150 1;1 1 [16753]
1320 1;1 1 [8205]
1330 1;1 1 [8740]
13326 1;47 1 [814]
1340 1;1 1 [9245]
1350 1;1 1 [9950]
1360 1;1 1 [10606]
1370 1;1 1 [11068]
1378 1;44 1 [2269]
1380 1;1 1 [11758]
1390 1;1 1 [12494]
141 1;1 1 [17570]
1410 1;1 1 [18188]
1420 1;1 1 [18961]
1430 1;1 1 [19674]
1440 1;1 1 [20398]
1450 1;1 1 [21075]
15 1;46 1 [31097]
151 1;1 1 [21952]
1510 1;1 1 [22770]
1520 1;1 1 [23377]
1530 1;1 1 [24214]
1540 1;1 1 [24962]
1550 1;1 1 [25614]
1560 1;1 1 [26476]
1565 1;46 1 [2354]
1566 1;45 1 [18626]
1570 1;1 1 [27177]
1577 1;44 1 [2430]
1578 1;46 1 [2222]
1579 1;44 1 [2673]
1581 1;45 1 [10611]
1584 1;43 1 [20102]
1588 3;43 1 [1977];46 1 [21763];47 1 [2465]
1589 3;43 1 [9001];46 1 [10613];47 1 [2528]
1590 4;43 2 [9009,19731];44 1 [20274];45 1 [2661];47 1 [2591]
1592 2;43 2 [19739,19833];44 1 [11257]
1594 3;43 1 [27486];44 3 [2125,11216,11400];47 2 [2654,2780]
1595 1;43 1 [27494]
1596 1;47 1 [2717]
1597 2;42 1 [38];44 1 [2134]
1598 3;43 1 [2024];44 1 [29079];47 2 [2843,2906]
1599 2;44 1 [29084];45 1 [2496]
1600 4;43 1 [27372];44 2 [2079,29020];45 2 [2514,10361];47 2 [2969,3032]
1601 2;45 1 [18400];47 1 [3095]
1602 1;44 1 [11277]
1604 2;46 1 [2106];47 1 [3158]
1607 1;45 1 [28312]
1608 2;45 1 [28320];47 1 [3221]
1609 2;41 2 [124,219];45 1 [28146]
161 1;1 1 [27570]
1610 3;1 1 [28289];46 2 [10168,31111];47 1 [3284]
1611 2;46 2 [21599,30578];47 2 [3347,3410]
1620 1;1 1 [29059]
1623 4;43 2 [9039,19900];44 2 [11177,19890];45 4 [2468,10434,18538,28219];46 4 [2153,10240,21673,30714]
1625 1;46 1 [31019]
1630 1;1 1 [29832]
1632 1;45 1 [28241]
171 1;1 1 [30310]
1710 1;1 1 [30907]
1720 1;1 1 [31580]
1730 1;1 1 [32438]
1740 1;1 1 [33073]
1750 1;1 1 [33811]
1760 1;1 1 [34589]
1770 1;1 1 [35207]
1780 1;1 1 [35925]
1987 5;43 1 [102];44 1 [104];45 1 [102];46 1 [103];47 1 [103]
1991 1;41 1 [409]
2 6;1 23 [1625,1815,7275,7802,8561,9886,10750,10856,69915,71267,72218,77012,77619,78091,78919,97230,97815,99242,99949,101240,102807,102920,105052];13 1 [103520];27 22 [1,1356,3206,13567,25797,30991,40232,48248,51482,69916,74937,90024,100657,106966,113665,120127,131413,135619,142336,148477,150142,155386];41 1 [1831];45 1 [13452];47 2 [384,787]
20 1;41 1 [13888]
211 1;1 1 [36470]
2110 1;1 1 [37180]
2120 1;1 1 [37878]
2130 1;1 1 [38755]
2140 1;1 1 [39534]
2150 1;1 1 [40151]
2160 1;1 1 [40810]
22 1;41 1 [15248]
2210 1;1 1 [42155]
221lady 1;1 1 [41433]
2220 1;1 1 [43017]
2230 1;1 1 [43820]
2240 1;1 1 [44595]
2250 1;1 1 [45327]
2260 1;1 1 [46127]
2270 1;1 1 [46812]
23 1;41 1 [15896]
231 1;1 1 [47271]
2310 1;1 1 [48039]
23100 1;1 1 [55099]
23110 1;1 1 [55729]
23120 1;1 1 [56448]
23130 1;1 1 [57320]
23140 1;1 1 [58127]
2320 1;1 1 [48828]
2330 1;1 1 [49624]
2340 1;1 1 [50341]
2350 1;1 1 [51169]
2360 1;1 1 [51805]
2370 1;1 1 [52657]
2380 1;1 1 [53314]
2390 1;1 1 [54300]
24 1;41 1 [16563]
241 1;1 1 [58661]
2410 1;1 1 [59380]
2420 1;1 1 [60203]
2430 1;1 1 [61071]
2440 1;1 1 [61864]
25 1;41 1 [17250]
26 1;41 1 [17879]
27 1;41 1 [18536]
28 1;41 1 [19175]
29 1;41 1 [19845]
2d 1;8 1 [71018]
2i 1;41 1 [14586]
2s 1;8 2 [71014,71119]
3 4;1 19 [1725,1868,7310,7880,8747,9957,10776,10908,76947,77475,77865,78151,78738,78859,97294,98389,101301,103675,105083];13 1 [103543];31 28 [1,15681,19306,21896,30643,40466,49109,51924,52676,59273,64708,69735,79894,93040,100477,101982,105617,107387,109036,114024,118684,122043,128197,130784,132065,136188,141047,145580];41 1 [2513]
30 1;41 1 [20526]
311 1;1 1 [62241]
3110 1;1 1 [62809]
31100 1;1 1 [69422]
31110 1;1 1 [70222]
31120 1;1 1 [70894]
31130 1;1 1 [71658]
31140 1;1 1 [72404]
3120 1;1 1 [63718]
3130 1;1 1 [64368]
3140 1;1 1 [65037]
3150 1;1 1 [65848]
3160 1;1 1 [66493]
3170 1;1 1 [67105]
3180 1;1 1 [68022]
3190 1;1 1 [68784]
32 1;41 1 [21829]
3210 1;1 1 [73465]
321lady 1;1 1 [72701]
3220 1;1 1 [74148]
3230 1;1 1 [74825]
3240 1;1 1 [75499]
3250 1;1 1 [76113]
33 1;41 1 [22508]
331 1;1 1 [76887]
3310 1;1 1 [77686]
3320 1;1 1 [78914]
34 1;41 1 [23175]
341 1;1 1 [79426]
3410 1;1 1 [80154]
34100 1;1 1 [87574]
34110 1;1 1 [88354]
34120 1;1 1 [89129]
34130 1;1 1 [89949]
34140 1;1 1 [90595]
3420 1;1 1 [80873]
3430 1;1 1 [81682]
3440 1;1 1 [82604]
3450 1;1 1 [83674]
3460 1;1 1 [84421]
3470 1;1 1 [85103]
3480 1;1 1 [85959]
3490 1;1 1 [86723]
35 1;41 1 [23869]
351 1;1 1 [91123]
3510 1;1 1 [91624]
3520 1;1 1 [92177]
3530 1;1 1 [92749]
36 1;41 1 [24518]
361 1;1 1 [93492]
3610 1;1 1 [94083]
3620 1;1 1 [94744]
3630 1;1 1 [95448]
3640 1;1 1 [96075]
37 1;41 1 [25175]
38 1;41 1 [25799]
39 1;41 1 [26462]
3i 1;41 1 [21181]
4 2;13 1 [103602];41 1 [3187]
40 1;41 1 [27133]
411 1;1 1 [97159]
4110 1;1 1 [97686]
41100 1;1 1 [104424]
41110 1;1 1 [105103]
41120 1;1 1 [106134]
41130 1;1 1 [106781]
41140 1;1 1 [107721]
41150 1;1 1 [108547]
4120 1;1 1 [98259]
4130 1;1 1 [98830]
4140 1;1 1 [99457]
4150 1;1 1 [100378]
4160 1;1 1 [101068]
4170 1;1 1 [102058]
4180 1;1 1 [102984]
4190 1;1 1 [103742]
42 1;41 1 [28472]
421 1;1 1 [109355]
4210 1;1 1 [110096]
4220 1;1 1 [110863]
4230 1;1 1 [111600]
4240 1;1 1 [112518]
4250 1;1 1 [113089]
4260 1;1 1 [113743]
4270 1;1 1 [114550]
4280 1;1 1 [115417]
43 1;41 1 [29150]
431 1;1 1 [116077]
4310 1;1 1 [116819]
43100 1;1 1 [123456]
43110 1;1 1 [124183]
43120 1;1 1 [124923]
43130 1;1 1 [125569]
43140 1;1 1 [126409]
43150 1;1 1 [127303]
43160 1;1 1 [128096]
43170 1;1 1 [128919]
43180 1;1 1 [129871]
43190 1;1 1 [130599]
4320 1;1 1 [117552]
43200 1;1 1 [131523]
43210 1;1 1 [132336]
43220 1;1 1 [133264]
43230 1;1 1 [133968]
43240 1;1 1 [134729]
4330 1;1 1 [118345]
4340 1;1 1 [119166]
4350 1;1 1 [119904]
4360 1;1 1 [120619]
4370 1;1 1 [121357]
4380 1;1 1 [122089]
4390 1;1 1 [122828]
44 1;41 1 [29859]
45 1;41 1 [30541]
46 1;41 1 [31184]
47 1;41 1 [31852]
48 1;41 1 [32523]
49 1;41 1 [33180]
499 1;47 1 [793]
4d 1;8 1 [71041]
4i 1;41 1 [27812]
5 2;13 1 [103638];41 1 [3839]
50 1;41 1 [33841]
500 1;47 1 [521]
511 1;1 1 [135146]
5110 1;1 1 [135953]
5120 1;1 1 [136602]
5130 1;1 1 [137366]
5140 1;1 1 [138091]
5150 1;1 1 [138706]
5160 1;1 1 [139275]
52 1;41 1 [35170]
521 1;1 1 [140172]
5210 1;1 1 [140796]
5220 1;1 1 [141527]
5230 1;1 1 [142272]
53 1;41 1 [35830]
531 1;1 1 [142686]
5310 1;1 1 [143284]
5320 1;1 1 [144229]
5330 1;1 1 [144941]
5340 1;1 1 [145697]
5350 1;1 1 [146515]
5360 1;1 1 [147361]
54 1;41 1 [36483]
541 1;1 1 [148060]
5410 1;1 1 [148817]
55 1;41 1 [37153]
551 1;1 1 [150023]
5510 1;1 1 [150804]
5520 1;1 1 [151532]
5530 1;1 1 [152203]
5540 1;1 1 [152917]
5550 1;1 1 [153529]
56 1;41 1 [37848]
561 1;1 1 [154145]
5610 1;1 1 [154895]
57 1;41 1 [38525]
571 1;1 1 [155251]
5710 1;1 1 [155980]
5720 1;1 1 [157028]
58 1;41 1 [39188]
581 1;1 1 [158072]
5810 1;1 1 [158849]
5820 1;1 1 [159502]
5830 1;1 1 [160179]
59 1;41 1 [39844]
591 1;1 1 [161013]
5910 1;1 1 [161761]
5920 1;1 1 [162524]
5930 1;1 1 [163274]
5940 1;1 1 [163919]
5i 1;41 1 [34495]
5s 1;8 1 [71071]
6 2;13 1 [103751];41 1 [4513]
60 1;41 1 [40492]
62 1;41 1 [41821]
63 1;41 1 [42455]
64 1;41 1 [43105]
65 1;41 1 [43777]
66 1;41 1 [44459]
67 1;41 1 [45073]
68 1;41 1 [45723]
69 1;41 1 [46362]
6d 1;8 1 [71123]
6i 1;41 1 [41162]
7 2;13 1 [103946];41 1 [5174]
70 1;41 1 [47078]
8 2;13 1 [104142];41 1 [5804]
8d 1;8 1 [71075]
